
State Machine - |maquinaDeCafe|LogicProdutos:escolhaproduto|PS
Name PS.E210 PS.E200 PS.E190 PS.E180 PS.E170 PS.E160 PS.E150 PS.E140 PS.E130 PS.E120 PS.E110 PS.E100 PS.E90 PS.E80 PS.E70 PS.E60 PS.E50 PS.E40 PS.E30 PS.E20 PS.E10 PS.E0 
PS.E0 0 0 0 0 0 0 0 0 0 0 0 0 0 0 0 0 0 0 0 0 0 0 
PS.E10 0 0 0 0 0 0 0 0 0 0 0 0 0 0 0 0 0 0 0 0 1 1 
PS.E20 0 0 0 0 0 0 0 0 0 0 0 0 0 0 0 0 0 0 0 1 0 1 
PS.E30 0 0 0 0 0 0 0 0 0 0 0 0 0 0 0 0 0 0 1 0 0 1 
PS.E40 0 0 0 0 0 0 0 0 0 0 0 0 0 0 0 0 0 1 0 0 0 1 
PS.E50 0 0 0 0 0 0 0 0 0 0 0 0 0 0 0 0 1 0 0 0 0 1 
PS.E60 0 0 0 0 0 0 0 0 0 0 0 0 0 0 0 1 0 0 0 0 0 1 
PS.E70 0 0 0 0 0 0 0 0 0 0 0 0 0 0 1 0 0 0 0 0 0 1 
PS.E80 0 0 0 0 0 0 0 0 0 0 0 0 0 1 0 0 0 0 0 0 0 1 
PS.E90 0 0 0 0 0 0 0 0 0 0 0 0 1 0 0 0 0 0 0 0 0 1 
PS.E100 0 0 0 0 0 0 0 0 0 0 0 1 0 0 0 0 0 0 0 0 0 1 
PS.E110 0 0 0 0 0 0 0 0 0 0 1 0 0 0 0 0 0 0 0 0 0 1 
PS.E120 0 0 0 0 0 0 0 0 0 1 0 0 0 0 0 0 0 0 0 0 0 1 
PS.E130 0 0 0 0 0 0 0 0 1 0 0 0 0 0 0 0 0 0 0 0 0 1 
PS.E140 0 0 0 0 0 0 0 1 0 0 0 0 0 0 0 0 0 0 0 0 0 1 
PS.E150 0 0 0 0 0 0 1 0 0 0 0 0 0 0 0 0 0 0 0 0 0 1 
PS.E160 0 0 0 0 0 1 0 0 0 0 0 0 0 0 0 0 0 0 0 0 0 1 
PS.E170 0 0 0 0 1 0 0 0 0 0 0 0 0 0 0 0 0 0 0 0 0 1 
PS.E180 0 0 0 1 0 0 0 0 0 0 0 0 0 0 0 0 0 0 0 0 0 1 
PS.E190 0 0 1 0 0 0 0 0 0 0 0 0 0 0 0 0 0 0 0 0 0 1 
PS.E200 0 1 0 0 0 0 0 0 0 0 0 0 0 0 0 0 0 0 0 0 0 1 
PS.E210 1 0 0 0 0 0 0 0 0 0 0 0 0 0 0 0 0 0 0 0 0 1 

State Machine - |maquinaDeCafe|LogicTroco:MoedasACair|PS
Name PS.E20especial PS.E90 PS.E80 PS.E70 PS.E60 PS.E50 PS.E40 PS.E30 PS.E20 PS.E10 PS.E0 
PS.E0 0 0 0 0 0 0 0 0 0 0 0 
PS.E10 0 0 0 0 0 0 0 0 0 1 1 
PS.E20 0 0 0 0 0 0 0 0 1 0 1 
PS.E30 0 0 0 0 0 0 0 1 0 0 1 
PS.E40 0 0 0 0 0 0 1 0 0 0 1 
PS.E50 0 0 0 0 0 1 0 0 0 0 1 
PS.E60 0 0 0 0 1 0 0 0 0 0 1 
PS.E70 0 0 0 1 0 0 0 0 0 0 1 
PS.E80 0 0 1 0 0 0 0 0 0 0 1 
PS.E90 0 1 0 0 0 0 0 0 0 0 1 
PS.E20especial 1 0 0 0 0 0 0 0 0 0 1 
